# Created by Octave 3.8.1, Sun May 28 15:38:37 2017 BRT <joao@RUN>
# name: ax
# type: scalar
1


# name: bx
# type: scalar
3


# name: nx
# type: scalar
10


# name: ay
# type: scalar
1


# name: by
# type: scalar
3


# name: ny
# type: scalar
10


# name: f
# type: matrix
# rows: 11
# columns: 11
 2.718281828459045 3.320116922736547 4.055199966844675 4.953032424395115 6.049647464412947 7.38905609893065 9.025013499434122 11.0231763806416 13.46373803500169 16.44464677109705 20.08553692318767
 3.320116922736547 4.220695816996552 5.365555971121974 6.820958469290749 8.671137658463456 11.0231763806416 14.01320360773362 17.8142731796122 22.6463796431754 28.78919087924267 36.59823444367797
 4.055199966844675 5.365555971121974 7.099327065156631 9.393331287442781 12.42859666357754 16.44464677109705 21.75840239619708 28.78919087924269 38.09183672539901 50.40044477806546 66.6863310409251
 4.953032424395115 6.820958469290749 9.393331287442781 12.93581731554308 17.8142731796122 24.53253019710935 33.78442846384957 46.52547443978924 64.07152259993664 88.23467267565144 121.510417518735
 6.049647464412947 8.671137658463456 12.42859666357754 17.8142731796122 25.53372174735153 36.59823444367799 52.45732594909907 75.18862829202318 107.7700725714005 154.4700150258909 221.4064162041872
 7.38905609893065 11.0231763806416 16.44464677109705 24.53253019710935 36.59823444367799 54.59815003314424 81.45086866496814 121.510417518735 181.2722418751512 270.4264074261525 403.4287934927351
 9.025013499434122 14.01320360773362 21.75840239619708 33.78442846384957 52.45732594909907 81.45086866496814 126.4693517301149 196.3698753517986 304.9049229569088 473.4280748348348 735.0951892419732
 11.0231763806416 17.8142731796122 28.78919087924269 46.52547443978924 75.18862829202318 121.510417518735 196.3698753517986 317.348328917851 512.8585109428295 828.8175114814703 1339.430764394419
 13.46373803500169 22.6463796431754 38.09183672539901 64.07152259993664 107.7700725714005 181.2722418751512 304.9049229569088 512.8585109428295 862.6421957892378 1450.988025114456 2440.601977624501
 16.44464677109705 28.78919087924267 50.40044477806546 88.23467267565144 154.4700150258909 270.4264074261525 473.4280748348348 828.8175114814703 1450.988025114456 2540.204833826826 4447.06674769985
 20.08553692318767 36.59823444367797 66.6863310409251 121.510417518735 221.4064162041872 403.4287934927351 735.0951892419732 1339.430764394419 2440.601977624501 4447.06674769985 8103.083927575384


# name: df_dx
# type: matrix
# rows: 11
# columns: 11
 2.718281828459045 3.984140307283857 5.677279953582544 7.924851879032184 10.8893654359433 14.7781121978613 19.85502969875507 26.45562331353986 35.0057188910044 46.04501095907173 60.256610769563
 3.320116922736547 5.064834980395863 7.511778359570764 10.9135335508652 15.60804778523422 22.0463527612832 30.82904793701396 42.7542556310693 58.88058707225603 80.60973446187948 109.7947033310339
 4.055199966844675 6.438667165346369 9.939057891219283 15.02933005990845 22.37147399443958 32.8892935421941 47.86848527163358 69.09405811018246 99.03877548603742 141.1212453785833 200.0589931227753
 4.953032424395115 8.185150163148899 13.15066380241989 20.69730770486893 32.06569172330197 49.0650603942187 74.32574262046907 111.6611386554942 166.5859587598353 247.057083491824 364.5312525562049
 6.049647464412947 10.40536519015615 17.40003532900856 28.50283708737953 45.96069914523275 73.19646888735598 115.406117088018 180.4527079008557 280.2021886856414 432.5160420724944 664.2192486125615
 7.38905609893065 13.22781165676992 23.02250547953587 39.25204831537496 65.87682199862039 109.1963000662885 179.1919110629299 291.625002044964 471.3078288753932 757.1939407932271 1210.286380478205
 9.025013499434122 16.81584432928034 30.46176335467591 54.05508554215932 94.42318670837834 162.9017373299363 278.2325738062527 471.2877008443166 792.7527996879628 1325.598609537537 2205.285567725919
 11.0231763806416 21.37712781553465 40.30486723093976 74.44075910366278 135.3395309256417 243.0208350374699 432.0137257739569 761.6359894028425 1333.432128451357 2320.689032148117 4018.292293183257
 13.46373803500169 27.17565557181048 53.32857141555861 102.5144361598986 193.986130628521 362.5444837503024 670.7908305051993 1230.860426262791 2242.869709052018 4062.766470320477 7321.805932873502
 16.44464677109705 34.54702905509121 70.56062268929165 141.1754762810423 278.0460270466036 540.8528148523051 1041.541764636637 1989.162027555529 3772.568865297586 7112.573534715112 13341.20024309955
 20.08553692318767 43.91788133241356 93.36086345729512 194.416668029976 398.5315491675369 806.8575869854702 1617.209416332341 3214.633834546607 6345.565141823702 12451.78689355958 24309.25178272615


# name: df_dy
# type: matrix
# rows: 11
# columns: 11
 2.718281828459045 3.320116922736547 4.055199966844675 4.953032424395115 6.049647464412947 7.38905609893065 9.025013499434122 11.0231763806416 13.46373803500169 16.44464677109705 20.08553692318767
 3.984140307283857 5.064834980395863 6.438667165346369 8.185150163148899 10.40536519015615 13.22781165676992 16.81584432928034 21.37712781553465 27.17565557181048 34.54702905509121 43.91788133241356
 5.677279953582544 7.511778359570764 9.939057891219283 13.15066380241989 17.40003532900856 23.02250547953587 30.46176335467591 40.30486723093976 53.32857141555861 70.56062268929165 93.36086345729512
 7.924851879032184 10.9135335508652 15.02933005990845 20.69730770486893 28.50283708737953 39.25204831537496 54.05508554215932 74.44075910366278 102.5144361598986 141.1754762810423 194.416668029976
 10.8893654359433 15.60804778523422 22.37147399443958 32.06569172330197 45.96069914523275 65.87682199862039 94.42318670837834 135.3395309256417 193.986130628521 278.0460270466036 398.5315491675369
 14.7781121978613 22.0463527612832 32.8892935421941 49.0650603942187 73.19646888735598 109.1963000662885 162.9017373299363 243.0208350374699 362.5444837503024 540.8528148523051 806.8575869854702
 19.85502969875507 30.82904793701396 47.86848527163358 74.32574262046907 115.406117088018 179.1919110629299 278.2325738062527 432.0137257739569 670.7908305051993 1041.541764636637 1617.209416332341
 26.45562331353986 42.7542556310693 69.09405811018246 111.6611386554942 180.4527079008557 291.625002044964 471.2877008443166 761.6359894028425 1230.860426262791 1989.162027555529 3214.633834546607
 35.0057188910044 58.88058707225603 99.03877548603742 166.5859587598353 280.2021886856414 471.3078288753932 792.7527996879628 1333.432128451357 2242.869709052018 3772.568865297586 6345.565141823702
 46.04501095907173 80.60973446187948 141.1212453785833 247.057083491824 432.5160420724944 757.1939407932271 1325.598609537537 2320.689032148117 4062.766470320477 7112.573534715112 12451.78689355958
 60.256610769563 109.7947033310339 200.0589931227753 364.5312525562049 664.2192486125615 1210.286380478205 2205.285567725919 4018.292293183257 7321.805932873502 13341.20024309955 24309.25178272615


